11 8
75 21
17 14 1 4
10 0 2 5
20 17 3 1
16 17 1 2
20 8 1 3
19 18 2 1
4 7 2 2
15 6 2 4
3 1 3 3
13 2 1 3
2 5 3 1
1 3 1 3
7 13 2 1
0 1 3 2
0 4 3 1
17 12 1 1
18 3 3 5
1 12 1 5
13 1 1 1
20 3 3 3
1 4 1 5
9 8 3 3
4 16 1 2
5 19 1 5
13 7 1 4
15 17 2 2
8 9 1 3
15 20 2 2
13 8 1 1
9 18 1 1
2 18 3 5
5 7 3 2
11 3 3 3
9 9 3 1
14 20 3 1
11 19 1 4
12 0 3 1
2 10 2 1
20 17 2 3
19 12 3 5
9 9 1 3
14 8 2 1
20 14 1 4
6 14 2 1
19 8 1 1
12 15 2 1
2 20 3 2
14 11 1 3
2 20 3 1
1 5 3 2
11 1 2 4
17 13 2 1
18 1 1 4
0 6 2 3
12 6 3 1
8 12 2 5
17 16 1 3
6 2 2 1
6 6 2 4
13 4 2 5
14 0 2 5
17 0 2 3
16 18 3 2
2 16 2 1
13 13 2 5
1 3 3 2
4 12 2 1
2 7 2 5
4 18 3 3
16 4 1 2
13 8 1 2
10 20 2 3
16 3 2 1
16 10 2 3
10 8 3 4
