9 12
71 11
1 20 2 2
2 5 1 3
1 7 3 2
14 14 3 1
6 3 2 1
11 13 3 1
6 20 1 2
6 18 3 4
9 7 1 4
18 7 3 4
17 18 1 3
15 4 3 4
9 16 1 3
0 3 2 3
10 15 1 4
10 17 1 2
7 15 2 1
10 7 2 3
6 14 2 2
15 20 2 4
9 1 2 4
19 5 3 4
1 19 2 4
4 9 2 4
1 3 2 5
5 5 2 3
7 12 2 1
9 16 2 1
15 12 2 2
20 15 1 5
10 19 2 5
11 2 3 5
14 0 3 5
17 10 3 4
4 1 1 5
10 15 2 4
14 9 1 3
5 7 3 4
17 12 1 5
10 0 2 1
20 15 1 4
20 6 3 1
10 16 2 3
17 17 2 1
3 5 1 2
9 14 3 4
19 14 3 5
1 10 1 4
20 10 1 3
12 10 2 2
18 12 3 3
2 15 2 1
13 10 3 5
19 12 2 4
2 14 1 2
19 6 2 4
1 6 3 4
0 2 3 5
1 19 2 4
11 6 3 2
13 0 2 2
8 11 2 1
8 8 3 3
6 0 2 3
16 16 1 4
10 4 2 2
2 3 1 2
0 19 3 4
1 1 1 1
10 11 1 4
4 12 2 3
