9 10
84 37
6 5 2 4
19 0 3 5
10 17 3 3
17 6 2 3
3 18 2 5
10 9 1 4
19 15 2 3
3 6 1 5
9 13 3 5
6 14 1 4
16 10 2 5
10 7 3 4
19 7 3 2
15 8 2 4
11 14 3 4
3 6 1 4
9 20 2 2
1 3 3 2
12 14 2 1
3 7 1 3
2 7 2 1
9 3 2 4
17 3 1 1
11 19 2 5
1 15 1 3
10 1 1 4
9 5 3 5
4 10 3 5
17 11 3 2
10 14 3 3
18 13 2 1
13 15 3 5
8 3 2 4
17 3 3 3
6 3 1 2
15 15 1 3
9 15 1 4
10 4 1 3
5 18 1 4
3 20 2 1
16 14 3 4
18 1 2 5
1 11 2 4
8 17 3 3
13 13 1 5
18 17 3 4
3 1 1 2
9 10 2 1
11 20 3 4
1 18 2 1
13 14 3 2
13 9 3 4
18 18 2 1
9 5 3 2
20 16 3 5
4 11 1 1
1 12 1 1
3 4 2 4
19 10 3 5
9 13 3 5
19 19 2 3
10 13 3 2
0 4 2 2
16 7 2 4
2 15 2 2
19 11 3 4
12 0 1 2
15 9 2 4
15 4 2 5
5 5 1 5
15 18 3 2
15 20 3 3
4 5 3 5
16 5 2 4
0 2 3 3
14 8 2 3
12 9 3 5
15 20 1 4
9 10 1 5
15 9 1 3
19 6 1 4
11 7 2 3
7 13 3 3
18 0 1 1
