10 8
86 30
5 6 3 5
17 1 3 3
10 4 2 1
13 14 2 1
10 18 1 5
7 0 1 2
17 2 3 2
11 5 2 2
17 15 3 5
6 0 3 4
12 6 2 1
12 7 2 4
13 17 2 3
4 2 1 3
3 1 1 1
5 2 3 1
14 17 1 4
0 20 1 1
17 3 2 2
3 1 1 3
11 12 3 2
2 1 3 2
1 9 1 1
14 1 3 2
13 3 2 2
15 0 1 2
4 18 3 4
16 4 3 4
5 4 3 5
18 7 1 1
14 6 1 4
4 14 3 4
11 13 3 4
5 11 1 5
16 18 1 3
4 2 1 5
7 15 3 1
7 17 1 1
1 12 1 4
0 6 3 5
17 19 1 1
15 3 2 1
16 0 2 5
18 3 3 1
19 10 3 4
2 16 3 5
6 3 2 5
0 2 3 2
3 7 3 1
1 8 2 2
6 1 2 5
3 2 3 1
20 13 3 3
8 3 2 4
10 0 3 5
8 2 3 2
17 1 3 4
13 8 2 4
2 15 1 1
14 18 2 4
8 2 3 4
12 17 2 2
5 14 2 5
14 16 1 5
1 14 3 3
15 5 2 4
17 4 1 4
17 9 3 4
0 10 1 4
19 14 1 3
6 6 2 5
5 19 2 2
6 6 3 4
17 18 1 5
8 17 1 5
3 19 1 4
7 4 1 2
8 8 2 2
17 2 1 1
5 13 3 2
14 19 1 1
10 13 2 5
20 18 3 2
5 12 2 5
19 10 1 1
14 4 2 3
